init_layer_input=[(0,1),(2,3),(4,5),(6,7),(8,9),(10,11),(12,13),(14,15),(16,17),(18,19)]
layers_input=[
[(0,6),(2,8),(10,9),(12,14),(13,17),(15,19)],
[(1,6),(3,8),(5,14),(7,10),(9,12),(11,16),(13,18)],
[(1,2),(3,4),(8,10),(5,12),(7,11),(9,13),(17,18)],
[(0,1),(2,3),(4,5),(6,7),(8,9),(10,11),(12,13),(14,15),(16,17),(18,19)]
]
complete_graph_input=[
(0,6),(2,8),(10,9),(12,14),(13,17),(15,19),
(1,6),(3,8),(5,14),(7,10),(9,12),(11,16),(13,18),
(1,2),(3,4),(8,10),(5,12),(7,11),(9,13),(17,18),
(0,1),(2,3),(4,5),(6,7),(8,9),(10,11),(12,13),(14,15),(16,17),(18,19)
]
