init_layer_input=[(0,1),(2,3),(4,5),(6,7),(8,9),(10,11),(12,13),(14,15)]
layers_input=[
[(0,5),(4,9),(8,13),(12,1),(2,7),(6,11),(10,15),(14,3)],
[(1,6),(5,10),(9,14),(13,2),(3,4),(7,8),(11,12),(15,0)],
[(0,4),(8,12),(1,5),(9,13),(2,6),(10,14),(3,7),(11,15)],
[(1,2),(5,6),(9,10),(13,14),(3,0),(7,4),(11,8),(15,12)],
[(4,8),(12,0),(5,9),(13,1),(6,10),(14,2),(7,11),(15,3)],
[(0,1),(2,3),(4,5),(6,7),(8,9),(10,11),(12,13),(14,15)]
]
complete_graph_input=[
(0,5),(4,9),(8,13),(12,1),(2,7),(6,11),(10,15),(14,3),
(1,6),(5,10),(9,14),(13,2),(3,4),(7,8),(11,12),(15,0),
(0,4),(8,12),(1,5),(9,13),(2,6),(10,14),(3,7),(11,15),
(1,2),(5,6),(9,10),(13,14),(3,0),(7,4),(11,8),(15,12),
(4,8),(12,0),(5,9),(13,1),(6,10),(14,2),(7,11),(15,3),
(0,1),(2,3),(4,5),(6,7),(8,9),(10,11),(12,13),(14,15)
]
