init_layer_input=[(0,1),(2,3),(4,5),(6,7),(8,9),(10,11),(12,13),(14,15),(16,17),(18,19)]
layers_input=[
[(1,2),(3,4),(10,9),(12,14),(17,18)],
[(8,10),(5,12),(13,17),(15,19)],
[(0,1),(2,3),(7,10),(9,12),(16,17),(18,19)],
[(6,7),(8,9),(5,14),(11,16),(13,18)],
[(1,6),(3,8),(10,11),(12,13)],
[(0,6),(2,8),(4,5),(7,11),(9,13),(14,15)]
]
complete_graph_input=[
(1,2),(3,4),(10,9),(12,14),(17,18),
(8,10),(5,12),(13,17),(15,19),
(0,1),(2,3),(7,10),(9,12),(16,17),(18,19),
(6,7),(8,9),(5,14),(11,16),(13,18),
(1,6),(3,8),(10,11),(12,13),
(0,6),(2,8),(4,5),(7,11),(9,13),(14,15)
]
