init_layer_input=[(0,1),(2,3),(4,5),(6,7),(8,9),(10,11),(12,13),(14,15),(16,17),(18,19),(20,21),(22,23)]
layers_input=[
[(0,8),(2,10),(4,12),(6,14),(16,11),(18,13),(20,15),(22,9),(19,1),(21,3),(23,5),(17,7)],
[(1,8),(3,10),(5,12),(7,14),(9,16),(11,18),(13,20),(15,22),(17,0),(19,2),(21,4),(23,6)],
[(1,2),(3,4),(5,6),(7,0),(10,16),(12,18),(14,20),(8,22),(9,17),(11,19),(13,21),(15,23)],
[(0,1),(2,3),(4,5),(6,7),(8,9),(10,11),(12,13),(14,15),(16,17),(18,19),(20,21),(22,23)]
]
complete_graph_input=[
(0,8),(2,10),(4,12),(6,14),(16,11),(18,13),(20,15),(22,9),(19,1),(21,3),(23,5),(17,7),
(1,8),(3,10),(5,12),(7,14),(9,16),(11,18),(13,20),(15,22),(17,0),(19,2),(21,4),(23,6),
(1,2),(3,4),(5,6),(7,0),(10,16),(12,18),(14,20),(8,22),(9,17),(11,19),(13,21),(15,23),
(0,1),(2,3),(4,5),(6,7),(8,9),(10,11),(12,13),(14,15),(16,17),(18,19),(20,21),(22,23)
]
