init_layer_input=[(0,1),(2,3),(4,5),(6,7),(8,9),(10,11),(12,13),(14,15),(16,17)]
layers_input=[
[(1,2),(3,4),(0,5),(9,12),(11,14),(7,16)],
[(8,12),(10,14),(6,16),(1,15),(3,17),(5,13)],
[(0,1),(2,3),(4,5),(7,12),(9,14),(11,16)],
[(6,7),(8,9),(10,11),(0,13),(2,15),(4,17)],
[(1,6),(3,8),(5,10),(12,13),(14,15),(16,17)],
[(0,6),(2,8),(4,10),(7,13),(9,15),(11,17)]
]
complete_graph_input=[
(0,6),(2,8),(4,10),(12,9),(14,11),(16,7),(15,1),(17,3),(13,5),
(1,6),(3,8),(5,10),(7,12),(9,14),(11,16),(13,0),(15,2),(17,4),
(1,2),(3,4),(5,0),(8,12),(10,14),(6,16),(7,13),(9,15),(11,17),
(0,1),(2,3),(4,5),(6,7),(8,9),(10,11),(12,13),(14,15),(16,17),
]